[66, 41, 49, 1, 23, 66]
[66, 49, 66]
[66, 49, 40, 1, 23, 66]
[66, 49, 44, 1, 23, 66]
[66, 59, 1, 66]
[66, 59, 1, 22, 24, 66]
[66, 59, 22, 40, 23, 66]
[66, 59, 26, 64, 22, 66]
[66, 59, 64, 25, 22, 66]
[66, 62, 22, 66]
[66, 62, 22, 1, 24, 66]
[66, 64, 22, 59, 23, 66]
[66, 64, 24, 59, 22, 66]
[66, 64, 25, 59, 22, 66]
[66, 22, 25, 62, 23, 66]
[66, 1, 22, 66]
[66, 22, 49, 1, 24, 66]
[66, 22, 59, 26, 23, 66]
[66, 23, 1, 22, 25, 66]
[66, 24, 22, 59, 23, 66]
[66, 24, 64, 59, 22, 66]
[66, 25, 22, 23, 24, 66]
[66, 25, 24, 59, 22, 66]
[66, 26, 24, 62, 22, 66]
[66, 26, 59, 1, 23, 66]
[66, 40, 49, 1, 23, 66]
[66, 1, 49, 22, 24, 66]
